GATE_SI_LF: 1022.931,1124.091,812.3423,1064.226,1,0
GATE_LF_SB: -2566.068,258.0905,-2050.658,349.2266,1,0
GATE_LF_SU: 1323.934,-540.9098,1179.342,-447.7734,1,0
LF_S04: -2503.432,157.7949,-2007.112,240.4084,1,0
LF_C05: 1159.321,989.3129,928.1091,887.0284,1,1
LF_A07: 1158.833,765.5565,926.1553,761.5278,1,1
LF_F02: 1108.833,491.5567,831.1558,445.5276,1,1
LF_A04: 910.8312,278.5567,760.1558,318.5276,1,1
LF_S02: 1232.833,216.5569,887.1558,302.5276,1,0
LF_A06: 1299.833,268.5567,1018.154,314.5276,1,1
LF_E04: 503.8315,381.5566,58.15544,417.5276,1,1
LF_A03: 82.8313,271.5567,-55.84438,300.5276,1,1
LF_H01: -567.1688,382.5568,-914.8442,421.5276,1,1
LF_A15: -648.6541,298.3111,-587.5565,291.2754,1,1
LF_S06: -647.6229,193.6967,-587.2664,164.6714,1,0
LF_A05: -1208.167,274.5573,-989.8442,197.5276,1,1
LF_J01: -1643.167,328.5568,-1537.846,344.5276,1,1
LF_C03: -2257.166,255.5567,-1924.846,341.5276,1,1
LF_D03: 1511.833,289.5568,1258.154,145.5276,1,1
LF_E02: 794.8312,214.5569,713.1558,173.5276,0,1
LF_E03: 18.83121,214.5569,69.15554,184.5278,0,1
LF_A10: -449.1691,215.5569,-167.8446,170.5276,0,1
LF_D02: -714.1688,150.5569,-467.8446,68.52724,2,1
LF_D06: -942.1674,-160.4431,-678.8442,-224.4724,2,1
LF_S01: -997.1671,39.55697,-798.8442,43.52741,2,0
LF_E01: -143.1686,85.55681,-155.8445,-36.47231,2,1
LF_D01: 577.8312,83.55681,496.1561,-32.47266,2,1
LF_B02: 986.8329,19.55686,1180.154,-112.4726,2,1
LF_S07: 1150.52,-42.13993,1296.06,-92.89993,2,0
LF_A17: 806.0646,-31.69903,1062.796,-85.57861,2,1
LF_C01: 1058.833,-442.4433,808.1558,-284.4724,0,1
LF_B03: 665.8312,-441.4432,545.1558,-285.4724,0,1
LF_B05: 735.8312,-506.4432,641.2557,-489.9474,1,1
LF_D04: 949.8318,-621.4429,804.1558,-572.4722,1,1
LF_A14: 1177.833,-558.4429,1062.154,-458.4724,1,0
LF_S05: 1169.092,-631.9443,1068.018,-578.8522,1,0
LF_A11: 628.8312,-674.4429,634.1558,-617.4722,1,1
LF_A13: 504.8315,-543.4429,505.1558,-468.4724,1,1
LF_A12: 447.8312,-657.4427,441.1558,-600.4722,1,1
LF_B01: 314.8312,-349.4427,169.1555,-591.4722,1,1
LF_D07: -122.3001,-413.783,-345.1766,-586.6387,1,1
LF_C02: 290.8309,-438.4434,174.1554,-280.4724,0,1
LF_A02: -38.16881,-438.4433,52.15548,-276.4726,0,1
LF_H02: -390.1688,-392.4433,-430.8442,-289.4724,0,1
LF_A01: -804.1688,-322.4433,-564.8447,-222.4724,0,1
LF_E05: -1249.169,-322.4433,-1233.846,-200.4724,0,1
LF_B04: -1771.167,-315.4433,-1467.846,-199.4724,1,1
LF_D08: -1618.398,-143.9811,-1376.898,-24.66655,1,1
LF_S03: -1942.167,-338.4433,-1588.846,-214.4724,1,0
OffScreenDen_LF: -372.1691,1078.557,-447.8442,325.5276,1,1
Connection: GATE_SI_LF,LF_C05,45,9,6,97,0,2
Connection: GATE_LF_SB,LF_C03,45,11,4,15,0,2
Connection: GATE_LF_SB,LF_S04,36,5,15,20,3,2
Connection: GATE_LF_SU,LF_A14,2,9,44,15,2,0
Connection: LF_C05,LF_A07,23,8,23,30,3,1
Connection: LF_A07,LF_F02,9,2,57,95,3,3
Connection: LF_F02,LF_A04,8,11,42,30,3,1
Connection: LF_F02,LF_A06,99,11,5,29,3,1
Connection: LF_A04,LF_E04,5,30,254,5,1,3
Connection: LF_S02,LF_A06,22,14,5,3,0,3
Connection: LF_A06,LF_D03,42,27,2,51,1,2
Connection: LF_E04,LF_A03,17,3,44,32,3,1
Connection: LF_A03,LF_H01,3,30,410,10,1,3
Connection: LF_H01,LF_A05,21,3,43,29,3,1
Connection: LF_H01,LF_A15,194,6,30,27,3,1
Connection: LF_A15,LF_S06,7,7,7,23,3,1
Connection: LF_A05,LF_J01,3,28,253,43,1,3
Connection: LF_A05,LF_D08,9,3,199,31,2,1
Connection: LF_J01,LF_C03,18,8,141,11,3,3
Connection: LF_D03,LF_E02,10,4,221,1,3,3
Connection: LF_E02,LF_E03,8,8,241,1,3,0
Connection: LF_E03,LF_A10,7,7,40,1,3,0
Connection: LF_A10,LF_D02,6,1,97,49,2,3
Connection: LF_D02,LF_D06,7,1,42,141,2,0
Connection: LF_D02,LF_E01,98,6,14,7,3,3
Connection: LF_D06,LF_S01,8,143,22,18,1,0
Connection: LF_D06,LF_A01,42,12,7,10,3,2
Connection: LF_E01,LF_D01,239,2,15,2,3,3
Connection: LF_D01,LF_B02,197,7,8,45,3,3
Connection: LF_B02,LF_S07,45,20,24,19,0,2
Connection: LF_B02,LF_A17,2,16,48,11,2,0
Connection: LF_B02,LF_C01,18,4,152,15,3,3
Connection: LF_C01,LF_B03,4,21,97,21,2,0
Connection: LF_B03,LF_C02,3,21,150,20,2,0
Connection: LF_B03,LF_B05,46,5,5,48,0,2
Connection: LF_B05,LF_D04,39,13,3,51,0,3
Connection: LF_D04,LF_A14,100,55,5,12,3,3
Connection: LF_D04,LF_A11,6,12,43,15,2,0
Connection: LF_A14,LF_S05,11,12,14,26,3,1
Connection: LF_A11,LF_A13,2,29,43,6,1,3
Connection: LF_A11,LF_A12,5,13,42,5,2,0
Connection: LF_A13,LF_C02,2,31,126,5,1,0
Connection: LF_A13,LF_A12,7,6,26,30,3,1
Connection: LF_A12,LF_B01,5,29,44,58,1,3
Connection: LF_B01,LF_D07,18,54,189,20,3,3
Connection: LF_C02,LF_A02,4,20,45,19,2,0
Connection: LF_A02,LF_H02,4,6,203,12,2,0
Connection: LF_H02,LF_A01,19,51,50,10,2,0
Connection: LF_A01,LF_E05,4,26,253,25,2,0
Connection: LF_E05,LF_B04,15,10,96,8,2,0
Connection: LF_B04,LF_D08,4,32,3,6,2,2
Connection: LF_B04,LF_S03,4,10,24,18,2,0
