GATE_SB_SL: -1807.821,-205.9641,-1540.455,-744.1577,0,0
GATE_SH_SL: 399.5494,421.1756,591.637,1103.748,2,0
GATE_GW_SL: -2578.426,279.7232,-1817.91,240.4164,1,0
SL_S02: 468.1119,332.4765,630.2905,1008.728,2,0
SL_A08: -2489.277,167.787,-1757.85,110.9406,1,0
SL_S07: -2606.319,167.7864,-1806.606,-22.75659,1,0
SL_C12: -2179.826,161.2581,-1646.817,106.7662,1,0
SL_B02: 281.7241,170.787,442.1495,910.9406,2,1
SL_C11: 562.8417,281.4304,730.2355,917.8553,2,1
SL_A14: 209.6002,55.04338,454.0856,761.1049,2,1
SL_E03: 773.5665,54.52011,468.3707,-116.4917,2,1
SL_A02: 23.7235,167.787,251.1497,907.9406,2,1
SL_A17: 20.76282,54.46651,251.6566,761.4011,2,1
SL_C01: -160.2762,150.787,42.1503,809.9406,2,1
SL_A13: -104.5278,-66.21302,-6.478347,-32.35643,1,1
SL_B01: -361.2761,248.7869,-161.8496,856.9406,2,1
SL_F01: -1633.276,99.78741,-1328.85,24.94028,1,1
SL_C02: -1186.276,163.787,-925.8497,530.9406,0,1
SL_C10: -1090.275,-229.2127,-799.8497,-253.0594,2,1
SL_A10: -785.276,-326.2131,-665.8497,-229.0596,2,1
SL_F02: -608.2764,97.78699,-514.8495,456.9403,0,1
SL_S05: -613.2005,132.4347,-404.2303,312.3543,0,0
SL_D06: -822.276,162.787,-702.8494,917.9406,2,1
SL_D04: -188.2764,100.7872,-151.8495,460.9403,0,1
SL_A12: -205.054,-67.21313,-96.29391,-158.6987,1,1
SL_H02: 625.7236,100.7873,181.1505,476.9403,0,1
SL_H03: 1586.724,160.787,815.1495,13.94034,0,1
SL_C09: 2484.723,164.787,1756.15,22.94026,0,2
SL_A16: 2644.484,278.9151,1966.516,104.0078,0,2
SL_S10: 2529.22,278.3963,1849.798,101.7871,0,0
SL_I01: 2958.723,259.7869,2088.152,1.940343,0,2
SL_A15: 3262.113,266.4763,2428.29,88.72928,0,0
SL_S06: 3259.173,372.2583,2426.182,201.7661,0,0
SL_AI: 3488.245,185.854,2546.134,36.75141,0,2
SL_C08: -1383.276,-223.2127,-1019.849,-441.0597,1,1
SL_C05: -1053.276,-324.2131,-866.8497,-422.0597,1,1
SL_S09: -771.1011,-324.1964,-570.0062,-558.7336,1,0
SL_C04: -643.2764,-216.213,-509.8495,-436.0597,1,1
SL_D01: -534.2764,95.78699,-480.8495,16.94028,1,1
SL_D02: -437.2764,-270.2127,-351.8495,-517.0602,1,1
SL_D03: -180.2762,-370.2131,-138.8497,-493.0598,1,1
SL_A07: -17.27596,-257.2131,110.1503,-410.0597,1,1
SL_A04: -141.2763,-184.213,-46.84941,-286.0597,1,1
SL_S03: -201.2005,-107.5654,-212.2303,-229.6456,2,0
SL_E01: 119.7236,-193.2126,218.1505,-498.0598,1,1
SL_B04: 123.7235,399.7868,309.1506,-11.05967,0,1
SL_C03: 124.3736,36.26187,127.1503,-8.059616,0,1
SL_A11: -4.054498,-98.21297,92.70568,-195.6987,1,1
SL_A05: 287.7235,-287.2131,341.1505,-391.0597,1,1
SL_E02: 808.7218,-306.2131,487.1503,-392.0597,1,1
SL_S08: 1109.811,-195.3214,898.3334,-266.5012,1,0
SL_C07: 1343.724,-208.213,1065.15,-431.0597,1,1
SL_A03: -441.2764,-308.2131,-499.8495,-894.0594,0,1
SL_C06: -770.2767,-310.2131,-870.8497,-886.0594,0,1
SL_S04: -737.2005,-239.5653,-734.2305,-774.6458,0,0
SL_A06: -1093.275,-313.2131,-1014.849,-883.0594,0,1
SL_D05: -1477.276,-315.2131,-1476.85,-878.0594,0,1
SL_S11: 912.2713,-58.98305,767.7625,-252.6441,2,0
OffScreenDen_SL: -1103.275,-65.21302,-1213.85,-154.0596,1,1
Connection: GATE_SB_SL,SL_D05,36,5,5,31,3,2
Connection: GATE_SH_SL,SL_C11,45,11,5,100,0,2
Connection: GATE_SH_SL,SL_S02,36,5,17,17,3,2
Connection: GATE_GW_SL,SL_A08,36,5,9,32,3,1
Connection: SL_A08,SL_S07,4,18,29,18,2,0
Connection: SL_A08,SL_C12,47,15,2,17,0,2
Connection: SL_C12,SL_F01,143,17,6,58,0,2
Connection: SL_B02,SL_A02,12,30,35,28,3,3
Connection: SL_B02,SL_C11,104,32,5,39,3,2
Connection: SL_B02,SL_A14,31,13,23,33,3,1
Connection: SL_A14,SL_A17,2,4,44,4,2,0
Connection: SL_A14,SL_E03,40,4,5,4,0,2
Connection: SL_E03,SL_H03,230,30,57,8,1,3
Connection: SL_E03,SL_S11,173,9,22,17,3,1
Connection: SL_A02,SL_C01,10,28,40,76,3,0
Connection: SL_A02,SL_A17,7,10,8,27,3,1
Connection: SL_C01,SL_B01,9,53,42,16,3,3
Connection: SL_C01,SL_A13,24,21,16,33,3,1
Connection: SL_A13,SL_A04,16,2,28,31,3,1
Connection: SL_B01,SL_D06,3,29,194,14,3,3
Connection: SL_F01,SL_C08,189,62,27,112,3,1
Connection: SL_F01,SL_C02,171,22,14,9,3,3
Connection: SL_C02,SL_D06,55,18,24,22,3,3
Connection: SL_C02,SL_C10,102,15,30,112,3,1
Connection: SL_C02,SL_F02,164,7,3,57,3,3
Connection: SL_C10,SL_A10,49,30,3,18,0,2
Connection: SL_A10,SL_D02,44,18,4,63,0,2
Connection: SL_F02,SL_S05,64,64,9,19,3,2
Connection: SL_F02,SL_D06,62,64,113,31,3,3
Connection: SL_F02,SL_D04,127,49,24,62,3,3
Connection: SL_D04,SL_A12,34,63,10,31,3,1
Connection: SL_D04,SL_H02,70,61,31,66,3,3
Connection: SL_A12,SL_A04,27,3,21,31,3,1
Connection: SL_H02,SL_H03,180,51,38,11,3,3
Connection: SL_H03,SL_C09,425,23,4,17,0,2
Connection: SL_H03,SL_C07,143,31,20,112,3,1
Connection: SL_C09,SL_A16,151,32,43,3,1,3
Connection: SL_A16,SL_S10,4,26,30,26,2,0
Connection: SL_A16,SL_I01,43,13,4,62,0,2
Connection: SL_I01,SL_A15,144,66,3,21,0,2
Connection: SL_A15,SL_S06,43,32,31,20,1,0
Connection: SL_A15,SL_AI,44,3,2,30,0,1
Connection: SL_C08,SL_C05,42,42,6,31,0,2
Connection: SL_C05,SL_S09,155,31,13,31,0,2
Connection: SL_C05,SL_C04,159,20,4,28,0,2
Connection: SL_C04,SL_D01,26,112,12,58,1,3
Connection: SL_D01,SL_D02,82,63,23,145,3,1
Connection: SL_D02,SL_D03,49,63,2,60,0,2
Connection: SL_D03,SL_A04,51,72,9,10,0,0
Connection: SL_D03,SL_A03,8,72,44,27,2,0
Connection: SL_D03,SL_A07,92,70,11,18,0,2
Connection: SL_A07,SL_E01,39,23,4,86,0,2
Connection: SL_A04,SL_S03,4,29,23,12,2,3
Connection: SL_A04,SL_A11,35,31,4,5,1,3
Connection: SL_E01,SL_B04,21,204,23,98,1,3
Connection: SL_E01,SL_C03,11,165,23,100,2,3
Connection: SL_E01,SL_A05,45,66,4,13,0,2
Connection: SL_B04,SL_C03,33,62,42,114,3,3
Connection: SL_C03,SL_A11,16,23,31,32,3,1
Connection: SL_A05,SL_E02,42,29,7,30,0,2
Connection: SL_E02,SL_S08,240,32,35,10,1,3
Connection: SL_E02,SL_C07,248,18,1,28,0,2
Connection: SL_A03,SL_C06,3,30,141,27,2,0
Connection: SL_C06,SL_S04,92,30,24,13,0,3
Connection: SL_C06,SL_A06,2,15,45,17,2,0
Connection: SL_A06,SL_D05,2,17,201,16,2,0
